(51, 50)
(51, 50)
(2, 30)
antennes: ((0, 34), (1, 32)); antinodes: (-1,36) | (2,30)
(51, 50)
(4, 20)
antennes: ((0, 34), (2, 27)); antinodes: (-2,41) | (4,20)
(51, 50)
(10, 28)
antennes: ((0, 34), (5, 31)); antinodes: (-5,37) | (10,28)
(51, 50)
(0, 37)
(3, 22)
antennes: ((1, 32), (2, 27)); antinodes: (0,37) | (3,22)
(51, 50)
(9, 30)
antennes: ((1, 32), (5, 31)); antinodes: (-3,33) | (9,30)
(51, 50)
(8, 35)
antennes: ((2, 27), (5, 31)); antinodes: (-1,23) | (8,35)
(51, 50)
(3, 10)
antennes: ((1, 2), (2, 6)); antinodes: (0,-2) | (3,10)
(51, 50)
(11, 0)
antennes: ((1, 2), (6, 1)); antinodes: (-4,3) | (11,0)
(51, 50)
antennes: ((2, 6), (6, 1)); antinodes: (-2,11) | (10,-4)
(51, 50)
(15, 35)
antennes: ((1, 47), (8, 41)); antinodes: (-6,53) | (15,35)
(51, 50)
(23, 45)
antennes: ((1, 47), (12, 46)); antinodes: (-10,48) | (23,45)
(51, 50)
antennes: ((1, 47), (31, 30)); antinodes: (-29,64) | (61,13)
(51, 50)
(4, 36)
antennes: ((8, 41), (12, 46)); antinodes: (4,36) | (16,51)
(51, 50)
antennes: ((8, 41), (31, 30)); antinodes: (-15,52) | (54,19)
(51, 50)
(50, 14)
antennes: ((12, 46), (31, 30)); antinodes: (-7,62) | (50,14)
(51, 50)
(14, 23)
antennes: ((2, 1), (8, 12)); antinodes: (-4,-10) | (14,23)
(51, 50)
(16, 17)
antennes: ((2, 1), (9, 9)); antinodes: (-5,-7) | (16,17)
(51, 50)
(24, 7)
antennes: ((2, 1), (13, 4)); antinodes: (-9,-2) | (24,7)
(51, 50)
(7, 15)
(10, 6)
antennes: ((8, 12), (9, 9)); antinodes: (7,15) | (10,6)
(51, 50)
(3, 20)
antennes: ((8, 12), (13, 4)); antinodes: (3,20) | (18,-4)
(51, 50)
(5, 14)
antennes: ((9, 9), (13, 4)); antinodes: (5,14) | (17,-1)
(51, 50)
antennes: ((2, 15), (25, 2)); antinodes: (-21,28) | (48,-11)
(51, 50)
antennes: ((2, 15), (31, 7)); antinodes: (-27,23) | (60,-1)
(51, 50)
antennes: ((2, 15), (44, 14)); antinodes: (-40,16) | (86,13)
(51, 50)
(37, 12)
antennes: ((25, 2), (31, 7)); antinodes: (19,-3) | (37,12)
(51, 50)
antennes: ((25, 2), (44, 14)); antinodes: (6,-10) | (63,26)
(51, 50)
(18, 0)
antennes: ((31, 7), (44, 14)); antinodes: (18,0) | (57,21)
(51, 50)
antennes: ((3, 23), (8, 10)); antinodes: (-2,36) | (13,-3)
(51, 50)
(15, 9)
antennes: ((3, 23), (9, 16)); antinodes: (-3,30) | (15,9)
(51, 50)
antennes: ((3, 23), (10, 11)); antinodes: (-4,35) | (17,-1)
(51, 50)
(7, 4)
(10, 22)
antennes: ((8, 10), (9, 16)); antinodes: (7,4) | (10,22)
(51, 50)
(6, 9)
(12, 12)
antennes: ((8, 10), (10, 11)); antinodes: (6,9) | (12,12)
(51, 50)
(8, 21)
(11, 6)
antennes: ((9, 16), (10, 11)); antinodes: (8,21) | (11,6)
(51, 50)
(17, 25)
antennes: ((3, 27), (10, 26)); antinodes: (-4,28) | (17,25)
(51, 50)
(19, 37)
antennes: ((3, 27), (11, 32)); antinodes: (-5,22) | (19,37)
(51, 50)
(25, 35)
antennes: ((3, 27), (14, 31)); antinodes: (-8,23) | (25,35)
(51, 50)
(9, 20)
(12, 38)
antennes: ((10, 26), (11, 32)); antinodes: (9,20) | (12,38)
(51, 50)
(6, 21)
(18, 36)
antennes: ((10, 26), (14, 31)); antinodes: (6,21) | (18,36)
(51, 50)
(8, 33)
(17, 30)
antennes: ((11, 32), (14, 31)); antinodes: (8,33) | (17,30)
(51, 50)
(0, 48)
(9, 24)
antennes: ((3, 40), (6, 32)); antinodes: (0,48) | (9,24)
(51, 50)
(11, 42)
antennes: ((3, 40), (7, 41)); antinodes: (-1,39) | (11,42)
(51, 50)
(25, 10)
antennes: ((3, 40), (14, 25)); antinodes: (-8,55) | (25,10)
(51, 50)
(5, 23)
(8, 50)
antennes: ((6, 32), (7, 41)); antinodes: (5,23) | (8,50)
(51, 50)
(22, 18)
antennes: ((6, 32), (14, 25)); antinodes: (-2,39) | (22,18)
(51, 50)
(21, 9)
antennes: ((7, 41), (14, 25)); antinodes: (0,57) | (21,9)
(51, 50)
(3, 4)
(6, 10)
antennes: ((4, 6), (5, 8)); antinodes: (3,4) | (6,10)
(51, 50)
(8, 24)
antennes: ((4, 6), (6, 15)); antinodes: (2,-3) | (8,24)
(51, 50)
(26, 44)
antennes: ((4, 6), (15, 25)); antinodes: (-7,-13) | (26,44)
(51, 50)
(4, 1)
(7, 22)
antennes: ((5, 8), (6, 15)); antinodes: (4,1) | (7,22)
(51, 50)
(25, 42)
antennes: ((5, 8), (15, 25)); antinodes: (-5,-9) | (25,42)
(51, 50)
(24, 35)
antennes: ((6, 15), (15, 25)); antinodes: (-3,5) | (24,35)
(51, 50)
(18, 34)
antennes: ((4, 22), (11, 28)); antinodes: (-3,16) | (18,34)
(51, 50)
antennes: ((4, 22), (32, 9)); antinodes: (-24,35) | (60,-4)
(51, 50)
antennes: ((11, 28), (32, 9)); antinodes: (-10,47) | (53,-10)
(51, 50)
(3, 44)
(6, 41)
antennes: ((4, 43), (5, 42)); antinodes: (3,44) | (6,41)
(51, 50)
(24, 45)
antennes: ((4, 43), (14, 44)); antinodes: (-6,42) | (24,45)
(51, 50)
antennes: ((4, 43), (21, 49)); antinodes: (-13,37) | (38,55)
(51, 50)
(23, 46)
antennes: ((5, 42), (14, 44)); antinodes: (-4,40) | (23,46)
(51, 50)
antennes: ((5, 42), (21, 49)); antinodes: (-11,35) | (37,56)
(51, 50)
(7, 39)
antennes: ((14, 44), (21, 49)); antinodes: (7,39) | (28,54)
(51, 50)
(6, 45)
(9, 27)
antennes: ((7, 39), (8, 33)); antinodes: (6,45) | (9,27)
(51, 50)
(5, 46)
(11, 25)
antennes: ((7, 39), (9, 32)); antinodes: (5,46) | (11,25)
(51, 50)
(0, 44)
(21, 29)
antennes: ((7, 39), (14, 34)); antinodes: (0,44) | (21,29)
(51, 50)
(7, 34)
(10, 31)
antennes: ((8, 33), (9, 32)); antinodes: (7,34) | (10,31)
(51, 50)
(2, 32)
(20, 35)
antennes: ((8, 33), (14, 34)); antinodes: (2,32) | (20,35)
(51, 50)
(4, 30)
(19, 36)
antennes: ((9, 32), (14, 34)); antinodes: (4,30) | (19,36)
(51, 50)
(19, 34)
antennes: ((7, 48), (13, 41)); antinodes: (1,55) | (19,34)
(51, 50)
antennes: ((7, 48), (34, 19)); antinodes: (-20,77) | (61,-10)
(51, 50)
antennes: ((13, 41), (34, 19)); antinodes: (-8,63) | (55,-3)
(51, 50)
(4, 42)
antennes: ((8, 23), (12, 4)); antinodes: (4,42) | (16,-15)
(51, 50)
(26, 1)
antennes: ((8, 23), (17, 12)); antinodes: (-1,34) | (26,1)
(51, 50)
antennes: ((8, 23), (25, 9)); antinodes: (-9,37) | (42,-5)
(51, 50)
(22, 20)
antennes: ((12, 4), (17, 12)); antinodes: (7,-4) | (22,20)
(51, 50)
(38, 14)
antennes: ((12, 4), (25, 9)); antinodes: (-1,-1) | (38,14)
(51, 50)
(9, 15)
(33, 6)
antennes: ((17, 12), (25, 9)); antinodes: (9,15) | (33,6)
(51, 50)
(11, 15)
antennes: ((9, 3), (10, 9)); antinodes: (8,-3) | (11,15)
(51, 50)
(25, 13)
antennes: ((9, 3), (17, 8)); antinodes: (1,-2) | (25,13)
(51, 50)
(3, 10)
(24, 7)
antennes: ((10, 9), (17, 8)); antinodes: (3,10) | (24,7)
(51, 50)
(8, 25)
antennes: ((9, 35), (10, 45)); antinodes: (8,25) | (11,55)
(51, 50)
(31, 33)
antennes: ((9, 35), (20, 34)); antinodes: (-2,36) | (31,33)
(51, 50)
(33, 25)
antennes: ((9, 35), (21, 30)); antinodes: (-3,40) | (33,25)
(51, 50)
(30, 23)
antennes: ((10, 45), (20, 34)); antinodes: (0,56) | (30,23)
(51, 50)
(32, 15)
antennes: ((10, 45), (21, 30)); antinodes: (-1,60) | (32,15)
(51, 50)
(19, 38)
(22, 26)
antennes: ((20, 34), (21, 30)); antinodes: (19,38) | (22,26)
(51, 50)
(0, 29)
(36, 44)
antennes: ((12, 34), (24, 39)); antinodes: (0,29) | (36,44)
(51, 50)
antennes: ((12, 34), (25, 45)); antinodes: (-1,23) | (38,56)
(51, 50)
antennes: ((12, 34), (39, 20)); antinodes: (-15,48) | (66,6)
(51, 50)
(23, 33)
antennes: ((24, 39), (25, 45)); antinodes: (23,33) | (26,51)
(51, 50)
antennes: ((24, 39), (39, 20)); antinodes: (9,58) | (54,1)
(51, 50)
antennes: ((25, 45), (39, 20)); antinodes: (11,70) | (53,-5)
(51, 50)
(13, 33)
(22, 27)
antennes: ((16, 31), (19, 29)); antinodes: (13,33) | (22,27)
(51, 50)
(5, 24)
(38, 45)
antennes: ((16, 31), (27, 38)); antinodes: (5,24) | (38,45)
(51, 50)
(0, 22)
(48, 49)
antennes: ((16, 31), (32, 40)); antinodes: (0,22) | (48,49)
(51, 50)
(11, 20)
(35, 47)
antennes: ((19, 29), (27, 38)); antinodes: (11,20) | (35,47)
(51, 50)
(6, 18)
antennes: ((19, 29), (32, 40)); antinodes: (6,18) | (45,51)
(51, 50)
(22, 36)
(37, 42)
antennes: ((27, 38), (32, 40)); antinodes: (22,36) | (37,42)
(51, 50)
(17, 7)
(20, 28)
antennes: ((18, 14), (19, 21)); antinodes: (17,7) | (20,28)
(51, 50)
(16, 23)
antennes: ((18, 14), (20, 5)); antinodes: (16,23) | (22,-4)
(51, 50)
(15, 16)
(24, 10)
antennes: ((18, 14), (21, 12)); antinodes: (15,16) | (24,10)
(51, 50)
(18, 37)
antennes: ((19, 21), (20, 5)); antinodes: (18,37) | (21,-11)
(51, 50)
(17, 30)
(23, 3)
antennes: ((19, 21), (21, 12)); antinodes: (17,30) | (23,3)
(51, 50)
(22, 19)
antennes: ((20, 5), (21, 12)); antinodes: (19,-2) | (22,19)
(51, 50)
(18, 18)
(21, 39)
antennes: ((19, 25), (20, 32)); antinodes: (18,18) | (21,39)
(51, 50)
(17, 26)
(23, 23)
antennes: ((19, 25), (21, 24)); antinodes: (17,26) | (23,23)
(51, 50)
(10, 41)
antennes: ((19, 25), (28, 9)); antinodes: (10,41) | (37,-7)
(51, 50)
(19, 40)
(22, 16)
antennes: ((20, 32), (21, 24)); antinodes: (19,40) | (22,16)
(51, 50)
antennes: ((20, 32), (28, 9)); antinodes: (12,55) | (36,-14)
(51, 50)
(14, 39)
antennes: ((21, 24), (28, 9)); antinodes: (14,39) | (35,-6)
(51, 50)
(8, 18)
antennes: ((20, 31), (32, 44)); antinodes: (8,18) | (44,57)
(51, 50)
(5, 20)
antennes: ((20, 31), (35, 42)); antinodes: (5,20) | (50,53)
(51, 50)
antennes: ((20, 31), (43, 47)); antinodes: (-3,15) | (66,63)
(51, 50)
(29, 46)
(38, 40)
antennes: ((32, 44), (35, 42)); antinodes: (29,46) | (38,40)
(51, 50)
(21, 41)
antennes: ((32, 44), (43, 47)); antinodes: (21,41) | (54,50)
(51, 50)
(27, 37)
antennes: ((35, 42), (43, 47)); antinodes: (27,37) | (51,52)
(51, 50)
(19, 0)
(25, 9)
antennes: ((21, 3), (23, 6)); antinodes: (19,0) | (25,9)
(51, 50)
(35, 21)
antennes: ((21, 3), (28, 12)); antinodes: (14,-6) | (35,21)
(51, 50)
(39, 11)
antennes: ((21, 3), (30, 7)); antinodes: (12,-1) | (39,11)
(51, 50)
(18, 0)
(33, 18)
antennes: ((23, 6), (28, 12)); antinodes: (18,0) | (33,18)
(51, 50)
(16, 5)
(37, 8)
antennes: ((23, 6), (30, 7)); antinodes: (16,5) | (37,8)
(51, 50)
(26, 17)
(32, 2)
antennes: ((28, 12), (30, 7)); antinodes: (26,17) | (32,2)
(51, 50)
(20, 24)
antennes: ((22, 33), (24, 42)); antinodes: (20,24) | (26,51)
(51, 50)
(13, 34)
(40, 31)
antennes: ((22, 33), (31, 32)); antinodes: (13,34) | (40,31)
(51, 50)
(5, 31)
antennes: ((22, 33), (39, 35)); antinodes: (5,31) | (56,37)
(51, 50)
(38, 22)
antennes: ((24, 42), (31, 32)); antinodes: (17,52) | (38,22)
(51, 50)
(9, 49)
antennes: ((24, 42), (39, 35)); antinodes: (9,49) | (54,28)
(51, 50)
(23, 29)
(47, 38)
antennes: ((31, 32), (39, 35)); antinodes: (23,29) | (47,38)
(51, 50)
(10, 34)
(46, 37)
antennes: ((22, 35), (34, 36)); antinodes: (10,34) | (46,37)
(51, 50)
(9, 26)
antennes: ((22, 35), (35, 44)); antinodes: (9,26) | (48,53)
(51, 50)
(3, 33)
antennes: ((22, 35), (41, 37)); antinodes: (3,33) | (60,39)
(51, 50)
(33, 28)
antennes: ((34, 36), (35, 44)); antinodes: (33,28) | (36,52)
(51, 50)
(27, 35)
(48, 38)
antennes: ((34, 36), (41, 37)); antinodes: (27,35) | (48,38)
(51, 50)
(47, 30)
antennes: ((35, 44), (41, 37)); antinodes: (29,51) | (47,30)
(51, 50)
(20, 50)
(35, 17)
antennes: ((25, 39), (30, 28)); antinodes: (20,50) | (35,17)
(51, 50)
(16, 49)
(43, 19)
antennes: ((25, 39), (34, 29)); antinodes: (16,49) | (43,19)
(51, 50)
(13, 38)
(49, 41)
antennes: ((25, 39), (37, 40)); antinodes: (13,38) | (49,41)
(51, 50)
(26, 27)
(38, 30)
antennes: ((30, 28), (34, 29)); antinodes: (26,27) | (38,30)
(51, 50)
(23, 16)
antennes: ((30, 28), (37, 40)); antinodes: (23,16) | (44,52)
(51, 50)
(31, 18)
antennes: ((34, 29), (37, 40)); antinodes: (31,18) | (40,51)
(51, 50)
(21, 39)
(42, 21)
antennes: ((28, 33), (35, 27)); antinodes: (21,39) | (42,21)
(51, 50)
(8, 50)
antennes: ((28, 33), (48, 16)); antinodes: (8,50) | (68,-1)
(51, 50)
(22, 38)
antennes: ((35, 27), (48, 16)); antinodes: (22,38) | (61,5)
(51, 50)
(27, 48)
antennes: ((30, 25), (33, 2)); antinodes: (27,48) | (36,-21)
(51, 50)
(21, 35)
(48, 5)
antennes: ((30, 25), (39, 15)); antinodes: (21,35) | (48,5)
(51, 50)
(14, 30)
antennes: ((30, 25), (46, 20)); antinodes: (14,30) | (62,15)
(51, 50)
(45, 28)
antennes: ((33, 2), (39, 15)); antinodes: (27,-11) | (45,28)
(51, 50)
antennes: ((33, 2), (46, 20)); antinodes: (20,-16) | (59,38)
(51, 50)
(32, 10)
antennes: ((39, 15), (46, 20)); antinodes: (32,10) | (53,25)
(51, 50)
(26, 8)
antennes: ((31, 24), (36, 40)); antinodes: (26,8) | (41,56)
(51, 50)
(18, 19)
antennes: ((31, 24), (44, 29)); antinodes: (18,19) | (57,34)
(51, 50)
(15, 17)
antennes: ((31, 24), (47, 31)); antinodes: (15,17) | (63,38)
(51, 50)
antennes: ((36, 40), (44, 29)); antinodes: (28,51) | (52,18)
(51, 50)
(25, 49)
antennes: ((36, 40), (47, 31)); antinodes: (25,49) | (58,22)
(51, 50)
(41, 27)
(50, 33)
antennes: ((44, 29), (47, 31)); antinodes: (41,27) | (50,33)
(51, 50)
(43, 38)
antennes: ((31, 48), (37, 43)); antinodes: (25,53) | (43,38)
(51, 50)
antennes: ((31, 48), (46, 35)); antinodes: (16,61) | (61,22)
(51, 50)
antennes: ((31, 48), (48, 34)); antinodes: (14,62) | (65,20)
(51, 50)
antennes: ((37, 43), (46, 35)); antinodes: (28,51) | (55,27)
(51, 50)
antennes: ((37, 43), (48, 34)); antinodes: (26,52) | (59,25)
(51, 50)
(44, 36)
(50, 33)
antennes: ((46, 35), (48, 34)); antinodes: (44,36) | (50,33)
(51, 50)
(23, 19)
antennes: ((34, 23), (45, 27)); antinodes: (23,19) | (56,31)
(51, 50)
(21, 2)
antennes: ((34, 23), (47, 44)); antinodes: (21,2) | (60,65)
(51, 50)
(20, 26)
antennes: ((34, 23), (48, 20)); antinodes: (20,26) | (62,17)
(51, 50)
(43, 10)
antennes: ((45, 27), (47, 44)); antinodes: (43,10) | (49,61)
(51, 50)
(42, 34)
(51, 13)
antennes: ((45, 27), (48, 20)); antinodes: (42,34) | (51,13)
(51, 50)
antennes: ((47, 44), (48, 20)); antinodes: (46,68) | (49,-4)
(51, 50)
(30, 28)
(45, 37)
antennes: ((35, 31), (40, 34)); antinodes: (30,28) | (45,37)
(51, 50)
(27, 18)
antennes: ((35, 31), (43, 44)); antinodes: (27,18) | (51,57)
(51, 50)
(22, 17)
antennes: ((35, 31), (48, 45)); antinodes: (22,17) | (61,59)
(51, 50)
(37, 24)
antennes: ((40, 34), (43, 44)); antinodes: (37,24) | (46,54)
(51, 50)
(32, 23)
antennes: ((40, 34), (48, 45)); antinodes: (32,23) | (56,56)
(51, 50)
(38, 43)
antennes: ((43, 44), (48, 45)); antinodes: (38,43) | (53,46)
(51, 50)
(36, 17)
antennes: ((37, 32), (38, 47)); antinodes: (36,17) | (39,62)
(51, 50)
(26, 26)
antennes: ((37, 32), (48, 38)); antinodes: (26,26) | (59,44)
(51, 50)
(25, 25)
antennes: ((37, 32), (49, 39)); antinodes: (25,25) | (61,46)
(51, 50)
antennes: ((38, 47), (48, 38)); antinodes: (28,56) | (58,29)
(51, 50)
antennes: ((38, 47), (49, 39)); antinodes: (27,55) | (60,31)
(51, 50)
(47, 37)
(50, 40)
antennes: ((48, 38), (49, 39)); antinodes: (47,37) | (50,40)
(51, 50)
(37, 15)
(40, 48)
antennes: ((38, 26), (39, 37)); antinodes: (37,15) | (40,48)
(51, 50)
(33, 32)
(48, 14)
antennes: ((38, 26), (43, 20)); antinodes: (33,32) | (48,14)
(51, 50)
(28, 29)
antennes: ((38, 26), (48, 23)); antinodes: (28,29) | (58,20)
(51, 50)
(47, 3)
antennes: ((39, 37), (43, 20)); antinodes: (35,54) | (47,3)
(51, 50)
antennes: ((39, 37), (48, 23)); antinodes: (30,51) | (57,9)
(51, 50)
(38, 17)
antennes: ((43, 20), (48, 23)); antinodes: (38,17) | (53,26)
(51, 50)
antennes: ((39, 17), (40, 49)); antinodes: (38,-15) | (41,81)
(51, 50)
(37, 14)
(43, 23)
antennes: ((39, 17), (41, 20)); antinodes: (37,14) | (43,23)
(51, 50)
(36, 6)
(45, 39)
antennes: ((39, 17), (42, 28)); antinodes: (36,6) | (45,39)
(51, 50)
antennes: ((40, 49), (41, 20)); antinodes: (39,78) | (42,-9)
(51, 50)
(44, 7)
antennes: ((40, 49), (42, 28)); antinodes: (38,70) | (44,7)
(51, 50)
(40, 12)
(43, 36)
antennes: ((41, 20), (42, 28)); antinodes: (40,12) | (43,36)
(51, 50)
(36, 50)
(45, 35)
antennes: ((39, 45), (42, 40)); antinodes: (36,50) | (45,35)
(51, 50)
(47, 11)
antennes: ((39, 45), (43, 28)); antinodes: (35,62) | (47,11)
(51, 50)
(34, 41)
antennes: ((39, 45), (44, 49)); antinodes: (34,41) | (49,53)
(51, 50)
(44, 16)
antennes: ((42, 40), (43, 28)); antinodes: (41,52) | (44,16)
(51, 50)
(40, 31)
antennes: ((42, 40), (44, 49)); antinodes: (40,31) | (46,58)
(51, 50)
(42, 7)
antennes: ((43, 28), (44, 49)); antinodes: (42,7) | (45,70)
(51, 50)
(41, 47)
(44, 17)
antennes: ((42, 37), (43, 27)); antinodes: (41,47) | (44,17)
(51, 50)
(40, 40)
(46, 31)
antennes: ((42, 37), (44, 34)); antinodes: (40,40) | (46,31)
(51, 50)
antennes: ((42, 37), (45, 14)); antinodes: (39,60) | (48,-9)
(51, 50)
(42, 20)
(45, 41)
antennes: ((43, 27), (44, 34)); antinodes: (42,20) | (45,41)
(51, 50)
(41, 40)
(47, 1)
antennes: ((43, 27), (45, 14)); antinodes: (41,40) | (47,1)
(51, 50)
antennes: ((44, 34), (45, 14)); antinodes: (43,54) | (46,-6)
221
[(2, 30), (4, 20), (10, 28), (0, 37), (3, 22), (9, 30), (8, 35), (3, 10), (11, 0), (15, 35), (23, 45), (4, 36), (50, 14), (14, 23), (16, 17), (24, 7), (7, 15), (10, 6), (3, 20), (5, 14), (37, 12), (18, 0), (15, 9), (7, 4), (10, 22), (6, 9), (12, 12), (8, 21), (11, 6), (17, 25), (19, 37), (25, 35), (9, 20), (12, 38), (6, 21), (18, 36), (8, 33), (17, 30), (0, 48), (9, 24), (11, 42), (25, 10), (5, 23), (8, 50), (22, 18), (21, 9), (3, 4), (6, 10), (8, 24), (26, 44), (4, 1), (7, 22), (25, 42), (24, 35), (18, 34), (3, 44), (6, 41), (24, 45), (23, 46), (7, 39), (6, 45), (9, 27), (5, 46), (11, 25), (0, 44), (21, 29), (7, 34), (10, 31), (2, 32), (20, 35), (4, 30), (19, 36), (19, 34), (4, 42), (26, 1), (22, 20), (38, 14), (9, 15), (33, 6), (11, 15), (25, 13), (8, 25), (31, 33), (33, 25), (30, 23), (32, 15), (19, 38), (22, 26), (0, 29), (36, 44), (23, 33), (13, 33), (22, 27), (5, 24), (38, 45), (0, 22), (48, 49), (11, 20), (35, 47), (6, 18), (22, 36), (37, 42), (17, 7), (20, 28), (16, 23), (15, 16), (24, 10), (18, 37), (23, 3), (22, 19), (18, 18), (21, 39), (17, 26), (23, 23), (10, 41), (19, 40), (22, 16), (14, 39), (8, 18), (5, 20), (29, 46), (38, 40), (21, 41), (27, 37), (19, 0), (25, 9), (35, 21), (39, 11), (33, 18), (16, 5), (37, 8), (26, 17), (32, 2), (20, 24), (13, 34), (40, 31), (5, 31), (38, 22), (9, 49), (23, 29), (47, 38), (10, 34), (46, 37), (9, 26), (3, 33), (33, 28), (27, 35), (48, 38), (47, 30), (20, 50), (35, 17), (16, 49), (43, 19), (13, 38), (49, 41), (26, 27), (38, 30), (23, 16), (31, 18), (42, 21), (22, 38), (27, 48), (21, 35), (48, 5), (14, 30), (45, 28), (32, 10), (26, 8), (18, 19), (15, 17), (25, 49), (41, 27), (50, 33), (43, 38), (44, 36), (23, 19), (21, 2), (20, 26), (43, 10), (42, 34), (51, 13), (30, 28), (45, 37), (27, 18), (22, 17), (37, 24), (32, 23), (38, 43), (36, 17), (26, 26), (25, 25), (47, 37), (50, 40), (37, 15), (40, 48), (33, 32), (48, 14), (28, 29), (47, 3), (38, 17), (37, 14), (43, 23), (36, 6), (45, 39), (44, 7), (40, 12), (43, 36), (36, 50), (45, 35), (47, 11), (34, 41), (44, 16), (42, 7), (41, 47), (44, 17), (40, 40), (46, 31), (42, 20), (45, 41), (41, 40), (47, 1)]
